0,395
0,394
0,393
0,392
0,391
0,390
0,389
0,388
0,387
0,385
0,384
0,382
0,381
0,379
0,378
0,377
0,376
0,374
0,373
0,372
0,371
0,370
0,369
0,368
0,366
0,365
0,364
0,363
0,361
0,358
0,357
0,356
0,355
0,354
0,353
0,352
0,351
0,349
0,347
0,346
0,345
0,344
0,343
0,342
0,341
0,340
0,339
0,338
0,337
0,336
0,335
0,334
0,333
0,332
0,331
0,330
0,329
0,328
0,327
0,326
0,325
0,324
0,323
0,322
0,321
0,320
0,319
0,318
0,316
0,315
0,314
0,313
0,312
0,310
0,309
0,308
0,307
0,300
0,299
0,298
0,297
0,296
0,295
0,294
0,293
0,292
0,291
0,290
0,289
0,288
0,287
0,286
0,285
0,284
0,283
0,282
0,281
0,280
0,279
0,278
0,277
0,276
0,275
0,274
0,273
0,272
0,271
0,270
0,269
0,268
0,267
0,266
0,265
0,264
0,263
0,262
0,261
0,260
0,259
0,258
0,257
0,256
0,255
0,254
0,253
0,252
0,251
0,250
0,249
0,248
0,247
0,246
0,245
0,244
0,243
0,242
0,241
0,240
0,239
0,238
0,237
0,236
0,235
0,234
0,233
0,232
0,231
0,230
0,229
0,228
0,227
0,226
0,225
0,224
0,223
0,222
0,221
0,220
0,219
0,218
0,217
0,216
0,215
0,214
0,213
0,212
0,211
0,210
0,209
0,208
0,207
0,206
0,205
0,204
0,203
0,202
0,201
0,200
0,199
0,198
0,197
0,196
0,195
0,194
0,193
0,192
0,63
0,62
0,61
0,60
0,59
0,58
0,57
0,56
0,55
0,54
0,53
0,52
0,51
0,50
0,49
0,48
0,47
0,2
0,1
0,396
0,397
0,399
0,400
0,402
0,403
0,405
0,407
0,408
0,411
0,412
0,414
0,416
0,417
0,419
0,420
0,422
0,423
0,425
0,427
0,428
0,430
0,431
0,433
0,435
0,436
0,438
0,439
0,441
0,442
0,444
0,446
0,447
1,1
1,2
2,1
3,0
3,1
3,3
3,4
3,6
4,0
4,2
275,0
275,1
275,2
4,3
4,1
3,5
3,2
2,2
2,0
1,0
0,445
0,443
0,440
0,437
0,434
0,432
0,429
0,426
0,424
0,421
0,418
0,415
0,413
0,410
0,406
0,404
0,401
0,398
249,45
251,44
250,44
249,44
251,43
250,43
249,43
251,42
250,42
249,42
251,41
250,41
249,41
251,40
250,40
249,40
251,39
250,39
249,39
251,38
250,38
249,38
251,37
250,37
249,37
251,36
250,36
249,36
251,35
250,35
249,35
251,34
250,34
249,34
251,33
250,33
249,33
251,32
250,32
249,32
251,31
250,31
249,31
251,30
250,30
249,30
251,29
250,29
249,29
251,28
250,28
249,28
251,27
250,27
249,27
251,26
250,26
249,26
251,25
250,25
249,25
251,24
250,24
249,24
251,23
250,23
249,23
251,22
250,22
249,22
251,21
250,21
249,21
251,20
250,20
249,20
251,19
250,19
249,19
251,18
250,18
249,18
251,17
250,17
249,17
250,15
249,13
250,12
251,11
250,6
250,4
249,4
251,3
250,3
249,3
0,301
0,6
0,0
0,304
0,303
0,306
0,305
0,302
282,3
282,2
282,1
281,4
281,3
281,2
281,1
279,3
279,2
279,1
275,3
251,16
251,15
251,14
251,13
251,12
251,10
251,9
251,8
251,7
251,6
251,5
251,4
251,2
251,0
250,16
250,14
250,13
250,11
250,10
250,9
250,8
250,7
250,5
250,2
250,0
249,16
249,15
249,14
249,12
249,11
249,10
249,9
249,8
249,7
249,6
249,5
249,2
249,0
2,3
1,3
0,12
0,11
0,10
0,9
0,8
0,5
0,7
0,4
0,3
282,0
281,0
279,0
